751
101 847
44 169
105 995
67 470
31 108
26 91
101 847
10 88
72 543
52 289
49 249
99 837
130 401
137 447
133 415
40 183
80 581
93 795
30 94
138 458
32 118
12 27
18 51
188 885
182 873
115 150
144 475
156 524
147 513
157 620
6 15
134 438
129 402
65 409
146 481
330 988
124 243
102 894
285 726
199 991
76 615
321 912
61 392
165 735
297 832
259 537
36 114
96 797
47 242
151 522
173 817
95 796
163 714
46 204
59 372
171 751
168 740
160 670
252 454
244 422
71 511
290 808
172 813
126 256
123 200
273 703
198 982
2 20
227 376
55 341
459 937
350 414
85 721
66 469
373 583
365 571
426 835
226 368
116 153
238 410
0 8
355 518
288 765
128 386
405 794
434 872
382 625
58 339
143 461
336 371
57 344
37 162
250 452
82 619
234 383
437 903
266 544
206 993
131 413
86 744
465 953
218 304
64 408
375 612
69 521
223 318
338 407
119 195
161 686
280 716
158 665
271 701
474 528
68 471
353 490
248 444
495 622
390 662
185 840
366 572
503 689
54 263
359 525
224 327
117 155
257 482
331 345
335 977
84 661
53 262
175 846
246 424
191 960
104 861
501 681
215 270
269 674
385 643
79 553
464 947
492 609
214 236
97 814
428 862
478 547
517 805
432 853
295 800
384 653
545 943
529 879
190 929
152 617
310 881
343 443
237 394
264 494
337 388
180 856
291 770
498 664
466 984
577 585
207 231
322 932
510 695
253 455
580 595
601 758
221 307
306 858
419 833
324 956
487 573
484 566
628 834
399 705
535 866
417 801
599 715
395 675
552 973
403 760
632 930
445 891
607 774
418 825
631 876
637 996
630 838
608 810
636 965
363 562
527 857
427 841
476 534
633 949
542 920
548 952
449 915
398 697
634 957
720 934
717 990
659 967
668 759
698 918
666 710
496 624
512 737
618 818
586 651
660 709
589 711
676 816
523 763
635 958
761
22
217
550
125
598 684
558 563
588
645
638
725
472
196
488
728
286
78
685 882
802
962
154
745
771
600 753
779
587 657
732
197
127
723
969
731 781
113
567
673 789
241
28
578 590
260
603 769
294
557
568 579
564 582
546
314
683 871
83
497
700 927
109
836
179
890
219
416
762 806
913
320
87
275
654
884 961
752 824
149
216
468
699 919
300
559
561
277
254
181
950
889
924
782 828
706
883 928
606
13
508
287
211
38
942
381
623
247
145
994
187
788 897
877
867
739
329
404
964
201
480
387
555
775
939
301
696 911
954
50
367
746
19
799
576
81
450
228
467
5
423
756
899
313
898 904
704
880
4
963
11
750 793
757
433
34
92
755
616
348
551
302
648
509
644
364
923
803
451
749 773
457
783 868
411
148
777
103
485
830
629
887
892 981
281
768
139
23
370
296
166
504
798 910
479
349
541
677
429
90
679
729
539
792
360
901 909
864
968 974
855
89
972
900
463
905
951
945 946
916 941
896
936
860
21
627
688
907
70
456
979 980
265
106
500
292
902 940
986
614
594
712
462
9
167
613
305
35
532
499
507
98
641
992
202
208
530
549
389
926
736
48
812
743
663
870
970
584
436
985 999
844
120
845
610
159
391
189
921
3
516
831
708
352
361
41
718
707
502
820
272
987
554
888
347
944
671
245
25
570
111
533
393
435
878
998
650
251
596
421
754
430
142
328
605
863
232
400
821
225
815
311
261
358
233
60
786
906
526
604
203
886
406
178
279
719
396
73
483
935
284
669
865
922
299
278
362
687
267
460
39
369
852
255
978
597
229
442
997
319
446
29
811
727
682
274
931
850
591
724
776
309
536
283
593
514
222
560
213
62
140
839
63
804
827
100
849
851
212
240
925
975
193
875
440
7
565
640
656
473
787
933
177
908
24
439
693
917
136
315
332
778
486
690
790
742
822
519
45
298
680
412
785
121
540
346
611
692
702
303
652
658
672
809
77
983
520
823
184
574
807
377
842
380
826
356
186
75
893
491
869
453
378
667
733
791
342
425
1
819
239
489
174
713
312
874
209
895
575
431
556
351
258
107
340
772
176
164
515
678
747
955
538
647
326
738
592
132
112
767
325
829
374
655
966
843
235
741
230
531
976
293
938
110
357
764
323
914
334
730
621
316
170
854
379
354
74
848
397
205
441
649
734
220
602
333
626
477
33
282
694
722
859
493
959
569
948
268
420
42
276
748
784
646
141
448
506
17
16
135
194
43
14
192
642
780
639
989
210
505
308
317
691
971
766
56
122
